---
title: 2024年决算及2025年预算
date: 2025-2-1 10:03:04
tags:
  - 预算决算
categories: 生活记录
password: allensu
---

## 2024年决算
### 分科目汇总

#### 上半年

| 科目   | 1月      | 2月      | 3月      | 4月      | 5月       | 6月      | 合计       |
| ---- | ------- | ------- | ------- | ------- | -------- | ------- | -------- |
| 餐饮   | 852.2   | 76.42   | 1077.22 | 834.78  | 1299.08  | 705.93  | 4845.63  |
| 日用品  | 68      | 64.74   | 319.58  | 1086.78 | 493.15   | 593.59  | 2625.84  |
| 娱乐网费 | 35.98   | 23.96   | 223.02  | 30      | 504.32   | 48      | 865.28   |
| 住房   | 1352.5  | 2040    | 0       | 2040    | 0        | 3290    | 8722.5   |
| 交通   | 170.83  | 147.05  | 109.71  | 228.08  | 172.86   | 209.56  | 1038.09  |
| 医疗   | 304.52  | 0       | 0       | 25.5    | 0        | 0       | 330.02   |
| 旅行   | 28      | 0       | 788     | 611.58  | 0        | 280     | 1707.58  |
| 家具电器 | 0       | 0       | 33.9    | 375.86  | 4796.99  | 172.3   | 5379.05  |
| 衣服   | 49.88   | 0       | 10.99   | 454.75  | 129      | 1178.66 | 1823.28  |
| 其他   | 288.25  | 0       | 29.5    | 171.8   | 6321.87  | 1103.88 | 7915.3   |
| 合计   | 3150.16 | 2352.17 | 2591.92 | 5859.13 | 13717.27 | 7581.92 | 35252.57 |

#### 下半年

| 科目   | 7月      | 8月      | 9月      | 10月     | 11月     | 12月     | 合计       |
| ---- | ------- | ------- | ------- | ------- | ------- | ------- | -------- |
| 餐饮   | 1515.18 | 2424.1  | 1261.05 | 1481.15 | 1315.83 | 1067.8  | 9065.11  |
| 日用品  | 387.15  | 561.33  | 1475.3  | 1705.85 | 520.11  | 332.38  | 4982.12  |
| 娱乐网费 | 154     | 363     | 821.28  | 475.26  | 15      | 356.5   | 2185.04  |
| 住房   | 0       | 0       | 0       | 50      | 0       | 0       | 50       |
| 交通   | 21.66   | 2086.83 | 1052.52 | 156.62  | 57.48   | 38.43   | 3413.54  |
| 医疗   | 0       | 0       | 0       | 0       | 0       | 0       | 0        |
| 旅行   | 0       | 0       | 0       | 300     | 0       | 0       | 300      |
| 家具电器 | 757.96  | 160     | 0       | 82.61   | 278.98  | 702.53  | 1982.08  |
| 衣服   | 128.88  | 0       | 0       | 249.9   | 0       | 119.8   | 498.58   |
| 其他   | 748.64  | 3201.48 | 598     | 68      | 7.6     | 233.97  | 4857.69  |
| 合计   | 3713.47 | 8796.74 | 5208.15 | 4569.39 | 2195    | 2851.41 | 27334.16 |

#### 全年合计

| 科目   | 合计       |
| ---- | -------- |
| 餐饮   | 13910.74 |
| 日用品  | 7607.96  |
| 娱乐网费 | 3050.32  |
| 住房   | 8772.5   |
| 交通   | 4451.63  |
| 医疗   | 330.02   |
| 旅行   | 2007.58  |
| 家具电器 | 7361.13  |
| 衣服   | 2321.86  |
| 其他   | 12772.99 |
| 合计   | 62586.73 |

### 简要说明
1. 1月住房包含了电费等，医疗包含了入职体检；
2. 5月包含了给妈妈买手机和舍友婚礼，这两部分支出6269，以及给自己买手机+耳机，支出4583；
3. 6月包含了另一个舍友婚礼，支出1000，以及暖气费和电费；
4. 8月明辉和小辉的婚礼，支出2500；
5. 2月开始房租和物业费是两月一交；
6. 2月基本在家，花费少；
7. 理发和打印纸归属在日用品，打印复印材料归属在其他；
8. 7月开始住学校，房租每月900从工资里扣，因此不在这里算了，10月付了50燃气费，水电这些还没开始算。

上半年预算决算对比：

| 科目   | 预算    | 决算       | 结余       |
| ---- | ----- | -------- | -------- |
| 餐饮   | 6000  | 4845.63  | 1154.37  |
| 日用品  | 720   | 2625.84  | -1905.84 |
| 娱乐网费 | 600   | 865.28   | -265.28  |
| 住房   | 6720  | 8722.5   | -2002.5  |
| 交通   | 300   | 1038.09  | -738.09  |
| 医疗   | 120   | 330.02   | -210.02  |
| 旅行   | 300   | 1707.58  | -1407.58 |
| 家具电器 | 600   | 5379.05  | -4779.05 |
| 衣服   | 600   | 1823.28  | -1223.28 |
| 其他   | 600   | 7915.3   | -7315.3  |
| 合计   | 16560 | 35252.57 | -18692.6 |

总体来说超支很多，主要在于买了两个手机，然后房租多了水电暖气费没计算，衣服也比预计买的多，日用品方面原本的预估可能不太合理，当然我也多少买了点不需要的东西，其余支出还在正常范围内。

下半年因为搬家后买了不少新的东西，所以日用品和家具电器方面支出较多。同时出差几次都在外面吃，再加上搬家后离双创近，不怎么吃食堂了，餐饮费用也急剧上升。下半年付了移动卡的三年话费以及连续买GPT的会员，也导致网费这块变多，不过这个没法去掉。交通方面之前的预估没考虑频繁打车的花费，以后尽量少打车吧。最后预算的时候也忽略了今年一群人结婚的事情，导致这方面支出变多。

## 2025年预算

按照24年的花费，目前调整25年的预算如下：

| 科目   | 单月   | 预算    |
| ---- | ---- | ----- |
| 餐饮   | 1000 | 12000 |
| 日用品  | 600  | 7200  |
| 娱乐网费 | 200  | 2400  |
| 住房   | 0    | 0     |
| 交通   | 200  | 2400  |
| 医疗   | 30   | 360   |
| 旅行   | 200  | 2400  |
| 家具电器 | 300  | 3600  |
| 衣服   | 200  | 2400  |
| 其他   | 500  | 6000  |
| 合计   | 3230 | 38760 |

25年应该要在装修方面有较大支出，届时单独统计。